[?25l[0m[7m[38;2;0;0;0m [0m[38;2;0;0;0;48;2;0;0;0m                                                         [0m
[7m[38;2;0;0;0m [0m[38;2;0;0;0;48;2;0;0;0m                                                         [0m
[7m[38;2;0;0;0m [0m[38;2;0;0;0;48;2;0;0;0m               [48;2;6;6;6m╴[38;2;234;234;234;48;2;0;0;0m▁[38;2;0;0;0;48;2;2;2;2m╴[48;2;0;0;0m   [38;2;229;229;229m▁[38;2;0;0;0;48;2;9;9;9m╴[38;2;159;159;159;48;2;0;0;0m▁[38;2;129;129;129m▁                                [0m
[7m[38;2;0;0;0m [0m[38;2;0;0;0;48;2;0;0;0m               [48;2;213;213;213m▊[38;2;254;254;254;48;2;253;253;253m▉[38;2;163;163;163;48;2;0;0;0m▏  [38;2;0;0;0;48;2;2;2;2m▉[38;2;204;204;204;48;2;254;254;254m▏[38;2;253;253;253;48;2;13;13;13m▎[38;2;36;36;36;48;2;253;253;253m▍[38;2;253;253;253;48;2;27;27;27m▌[38;2;51;51;51;48;2;0;0;0m▁[38;2;207;207;207m▁[38;2;109;109;109m▁    [38;2;104;104;104m▁[38;2;208;208;208m▁[38;2;57;57;57m▁  [38;2;116;116;116m▁[38;2;43;43;43m▁[38;2;129;129;129m▁[38;2;0;0;0;48;2;2;2;2m╴[48;2;0;0;0m                [0m
[7m[38;2;0;0;0m [0m[38;2;0;0;0;48;2;0;0;0m               [48;2;213;213;213m▊[38;2;254;254;254;48;2;253;253;253m▉[38;2;163;163;163;48;2;0;0;0m▏  [38;2;0;0;0;48;2;2;2;2m▉[38;2;204;204;204;48;2;254;254;254m▏[38;2;253;253;253;48;2;13;13;13m▎[38;2;36;36;36;48;2;253;253;253m▍[38;2;234;234;234;48;2;140;140;140m▇[38;2;21;21;21;48;2;221;221;221m▃[38;2;0;0;0;48;2;233;233;233m▄[38;2;41;41;41;48;2;248;248;248m▄[38;2;227;227;227;48;2;83;83;83m▆[38;2;207;207;207;48;2;8;8;8m▖[38;2;182;182;182;48;2;3;3;3m▗[38;2;226;226;226;48;2;72;72;72m▆[38;2;36;36;36;48;2;246;246;246m▄[38;2;0;0;0;48;2;233;233;233m▄[38;2;53;53;53;48;2;230;230;230m▃[38;2;233;233;233;48;2;60;60;60m▅[38;2;0;0;0;48;2;13;13;13m╴[38;2;51;51;51;48;2;249;249;249m▏[38;2;97;97;97;48;2;225;225;225m▗[38;2;11;11;11;48;2;250;250;250m▄[38;2;122;122;122;48;2;1;1;1m▏[48;2;0;0;0m                [0m
[7m[38;2;0;0;0m [0m[38;2;0;0;0;48;2;0;0;0m               [48;2;165;165;165m▊[38;2;254;254;254;48;2;253;253;253m╴[38;2;203;203;203;48;2;17;17;17m▏[48;2;0;0;0m  [38;2;8;8;8;48;2;90;90;90m▉[38;2;225;225;225;48;2;254;254;254m▏[38;2;253;253;253;48;2;13;13;13m▎[38;2;36;36;36;48;2;253;253;253m▍[38;2;239;239;239;48;2;29;29;29m▋[48;2;0;0;0m   [38;2;30;30;30;48;2;242;242;242m▌[38;2;238;238;238;48;2;6;6;6m▊[38;2;21;21;21;48;2;245;245;245m▍[38;2;236;236;236;48;2;127;127;127m▊[38;2;1;1;1;48;2;191;191;191m▃▃▃[48;2;244;244;244m▃[38;2;141;141;141;48;2;0;0;0m▍[38;2;51;51;51;48;2;249;249;249m▏[38;2;234;234;234;48;2;0;0;0m▍                  [0m
[7m[38;2;0;0;0m [0m[38;2;0;0;0;48;2;0;0;0m                [38;2;248;248;248;48;2;50;50;50m▝[38;2;64;64;64;48;2;226;226;226m▂[38;2;232;232;232;48;2;29;29;29m▅[38;2;223;223;223;48;2;23;23;23m▅[38;2;32;32;32;48;2;206;206;206m▂[38;2;48;48;48;48;2;248;248;248m▁[38;2;226;226;226;48;2;12;12;12m▎[38;2;32;32;32;48;2;226;226;226m▍[38;2;79;79;79;48;2;235;235;235m▂[38;2;188;188;188;48;2;43;43;43m▆[38;2;228;228;228;48;2;0;0;0m▅[38;2;203;203;203;48;2;26;26;26m▆[38;2;42;42;42;48;2;235;235;235m▃[38;2;139;139;139;48;2;0;0;0m▘[38;2;16;16;16;48;2;108;108;108m▇[38;2;33;33;33;48;2;232;232;232m▃[38;2;199;199;199;48;2;32;32;32m▆[38;2;226;226;226;48;2;0;0;0m▅[38;2;197;197;197;48;2;28;28;28m▆[38;2;29;29;29;48;2;184;184;184m▃[38;2;0;0;0;48;2;1;1;1m╴[38;2;43;43;43;48;2;223;223;223m▁[38;2;209;209;209;48;2;0;0;0m▍                  [0m
[7m[38;2;0;0;0m [0m[38;2;0;0;0;48;2;0;0;0m               [48;2;3;5;1m╴[38;2;107;181;64;48;2;0;1;0m▁▁▁▁▁[38;2;61;104;36;48;2;0;0;0m▁                                   [0m
[7m[38;2;0;0;0m [0m[38;2;0;0;0;48;2;0;0;0m               [48;2;93;159;55m▊[48;2;112;190;68m [38;2;18;32;11;48;2;105;179;63m▗[38;2;0;0;0;48;2;104;178;63m▃▃▃[38;2;112;190;68;48;2;12;22;7m▘[48;2;0;0;0m  [38;2;89;152;51;48;2;1;2;0m▁[38;2;111;188;66;48;2;5;10;2m▁[38;2;53;93;30;48;2;0;0;0m▁[38;2;62;107;36m▁[38;2;71;122;41m▁[38;2;46;81;26m▁[38;2;14;26;7;48;2;103;175;61m▋[38;2;112;190;68;48;2;58;101;31m▇[38;2;84;144;49;48;2;10;18;6m▎[38;2;77;133;44;48;2;0;0;0m▁ [38;2;30;53;16m▁[38;2;107;182;64;48;2;3;6;1m▁[38;2;111;188;66;48;2;5;9;2m▁[38;2;60;105;34;48;2;0;0;0m▁                  [0m
[7m[38;2;0;0;0m [0m[38;2;0;0;0;48;2;0;0;0m               [48;2;93;159;55m▊[48;2;112;190;68m [48;2;101;173;61m▝[38;2;107;182;64;48;2;0;0;0m▄▄▄[38;2;99;169;59m▖[38;2;104;177;62;48;2;11;20;6m▗[38;2;105;179;63;48;2;38;66;21m▇[38;2;21;37;12;48;2;109;185;66m▃[38;2;6;14;2;48;2;111;189;67m▄[38;2;22;40;13;48;2;108;183;65m▃[38;2;112;190;68;48;2;107;182;65m╴[38;2;106;181;64;48;2;0;0;0m▉[38;2;111;189;67;48;2;12;21;6m▝[38;2;24;41;14;48;2;105;180;63m▖[48;2;112;190;68m [38;2;22;37;13;48;2;109;185;66m▃[38;2;0;0;0;48;2;98;168;58m▃[38;2;111;189;67;48;2;19;34;11m▗[38;2;112;190;68;48;2;108;184;65m╴[38;2;28;51;16;48;2;109;185;66m▄[38;2;2;4;1;48;2;108;184;65m▄[38;2;6;19;2;48;2;100;170;60m▁[38;2;22;39;12;48;2;81;141;48m▝[48;2;0;0;0m                 [0m
[7m[38;2;0;0;0m [0m[38;2;0;0;0;48;2;0;0;0m               [48;2;93;159;55m▊[48;2;112;190;68m [38;2;110;186;66;48;2;27;49;15m▍[38;2;0;0;0;48;2;98;168;59m▆▆▆[38;2;45;78;27;48;2;0;0;0m▘[38;2;28;49;16;48;2;110;187;66m▎[38;2;108;184;65;48;2;29;52;16m▊[38;2;0;0;0;48;2;1;2;0m╴[48;2;0;0;0m [48;2;1;2;0m╴[38;2;32;56;18;48;2;110;186;66m▎[38;2;106;181;64;48;2;0;0;0m▉ [38;2;4;10;1;48;2;109;186;66m▋[48;2;112;190;68m [38;2;88;150;52;48;2;0;0;0m▎ [38;2;54;94;32;48;2;10;17;6m▝[38;2;28;49;16;48;2;106;181;64m▄[38;2;13;24;7;48;2;111;188;67m▃[38;2;16;29;8;48;2;105;179;63m▂[38;2;100;171;60;48;2;6;14;2m▇[38;2;102;174;61;48;2;13;24;7m▅[38;2;0;0;0;48;2;3;6;2m╴[48;2;0;0;0m                [0m
[7m[38;2;0;0;0m [0m[38;2;0;0;0;48;2;0;0;0m               [48;2;81;140;48m▊[38;2;5;17;2;48;2;111;188;67m▁[48;2;97;166;59m▁[38;2;90;155;54;48;2;0;0;0m▇▇▇[38;2;72;125;43m▋[38;2;70;121;41;48;2;1;2;0m▝[38;2;20;36;11;48;2;107;182;64m▃[38;2;31;57;16;48;2;95;163;57m▁[38;2;103;175;62;48;2;0;0;0m▆[38;2;10;21;4;48;2;91;156;54m▁[38;2;3;12;1;48;2;104;177;63m▁[38;2;93;159;56;48;2;0;0;0m▉ [38;2;80;138;47;48;2;3;5;1m▝[38;2;28;49;16;48;2;110;187;67m▂[38;2;4;16;2;48;2;95;162;57m▁[38;2;81;140;48;48;2;0;0;0m▇[38;2;95;163;57;48;2;4;9;2m▝[38;2;17;30;9;48;2;106;181;64m▂[38;2;98;167;58;48;2;16;28;8m▆[38;2;97;166;58;48;2;0;0;0m▆[38;2;23;44;11;48;2;95;161;57m▁[38;2;16;29;9;48;2;101;172;61m▃[38;2;0;0;0;48;2;3;5;1m╴[48;2;0;0;0m                [0m
[7m[38;2;0;0;0m [0m[38;2;0;0;0;48;2;0;0;0m                                                         [0m
[7m[38;2;0;0;0m [0m[38;2;0;0;0;48;2;0;0;0m                                                         [0m
[7m[38;2;0;0;0m [0m[38;2;0;0;0;48;2;0;0;0m                                                         [0m
[?25h